2 0.353125 0.41484375 0.01015625 0.04296875
2 0.2796875 0.48125 0.015625 0.05
2 0.353125 0.4515625 0.0125 0.05078125
2 0.565625 0.409375 0.0140625 0.046875
2 0.59609375 0.4078125 0.01328125 0.0453125
2 0.6796875 0.58671875 0.0234375 0.05703125
3 0.5515625 0.4296875 0.0125 0.04921875
2 0.6078125 0.5125 0.0109375 0.05
3 0.0515625 0.8375 0.03125 0.07421875
1 0.0765625 0.4109375 0.0171875 0.04765625
2 0.6796875 0.634375 0.01875 0.06484375
2 0.709375 0.5015625 0.0125 0.0546875
2 0.525 0.54375 0.01484375 0.05703125
2 0.3125 0.56484375 0.01328125 0.0609375
2 0.2703125 0.5296875 0.015625 0.059375
2 0.45390625 0.559375 0.0140625 0.0578125
2 0.4375 0.5609375 0.01328125 0.0578125
2 0.54375 0.5609375 0.0203125 0.05546875
2 0.40703125 0.6109375 0.01796875 0.0609375
2 0.1921875 0.628125 0.015625 0.05546875
2 0.590625 0.63515625 0.02109375 0.06484375
2 0.565625 0.628125 0.0171875 0.0671875
2 0.73359375 0.5703125 0.0171875 0.05546875
0 0.5328125 0.39140625 0.00625 0.01171875
3 0.6875 0.259375 0.0078125 0.03046875