2 0.3625 0.36015625 0.0078125 0.03203125
2 0.2765625 0.3671875 0.0109375 0.03359375
2 0.5703125 0.4078125 0.01328125 0.0296875
2 0.521875 0.303125 0.0078125 0.02578125
2 0.5828125 0.4265625 0.01484375 0.0390625
2 0.5359375 0.56875 0.01640625 0.05
2 0.31875 0.3546875 0.00859375 0.0328125
2 0.3375 0.3953125 0.0078125 0.0296875
2 0.475 0.3484375 0.009375 0.02890625
2 0.5765625 0.33984375 0.0109375 0.0296875
3 0.525 0.3859375 0.01484375 0.0375
2 0.503125 0.3109375 0.0125 0.02734375
2 0.4390625 0.4640625 0.0203125 0.04921875
2 0.725 0.5671875 0.01171875 0.05234375
2 0.484375 0.440625 0.0109375 0.03984375
2 0.2421875 0.4640625 0.01171875 0.046875
2 0.23984375 0.3875 0.0125 0.0375
2 0.2265625 0.4484375 0.0125 0.0421875
2 0.640625 0.4109375 0.009375 0.03515625
3 0.896875 0.69453125 0.0203125 0.06328125
2 0.7015625 0.4640625 0.00703125 0.04375
2 0.334375 0.32265625 0.0078125 0.03203125
3 0.2515625 0.3 0.00625 0.03046875
0 0.590625 0.44375 0.0046875 0.0078125
1 0.8515625 0.3671875 0.01171875 0.0375