2 0.6859375 0.425 0.01796875 0.0375
1 0.7828125 0.446875 0.0171875 0.03359375
2 0.67109375 0.421875 0.0109375 0.04453125
2 0.6828125 0.459375 0.01796875 0.0421875
2 0.553125 0.41875 0.0125 0.04375
2 0.7296875 0.45546875 0.0203125 0.04453125
2 0.8921875 0.525 0.015625 0.04453125
2 0.54609375 0.45 0.01640625 0.046875
3 0.521875 0.471875 0.009375 0.05546875
2 0.85234375 0.5015625 0.0125 0.04921875
2 0.6 0.4265625 0.01015625 0.040625
2 0.659375 0.46875 0.02109375 0.0484375
2 0.734375 0.5015625 0.0109375 0.0578125
2 0.6328125 0.5125 0.0140625 0.05703125
2 0.3984375 0.43203125 0.0140625 0.053125
2 0.840625 0.53671875 0.015625 0.0546875
2 0.6265625 0.5859375 0.01640625 0.06171875
2 0.159375 0.4859375 0.0109375 0.059375
2 0.70703125 0.5578125 0.0125 0.0703125
2 0.1984375 0.61171875 0.015625 0.071875
2 0.2609375 0.559375 0.0125 0.06328125
2 0.490625 0.6140625 0.0171875 0.07265625
0 0.89765625 0.54140625 0.00703125 0.01484375