2 0.3625 0.5171875 0.0078125 0.0484375
3 0.08984375 0.93828125 0.02265625 0.075
2 0.475 0.434375 0.009375 0.0390625
2 0.359375 0.521875 0.0109375 0.05546875
0 0.01875 0.3703125 0.0078125 0.01328125
2 0.596875 0.45625 0.01015625 0.0453125
2 0.365625 0.4109375 0.01015625 0.046875
2 0.609375 0.44296875 0.01015625 0.04375
2 0.428125 0.81328125 0.0140625 0.07734375
2 0.4828125 0.4796875 0.01015625 0.0453125
3 0.5578125 0.565625 0.0109375 0.06171875
2 0.5625 0.51875 0.01171875 0.053125
2 0.53046875 0.49453125 0.0109375 0.0484375
2 0.18203125 0.6328125 0.015625 0.0671875
2 0.65078125 0.484375 0.0125 0.05390625
2 0.2984375 0.4671875 0.0109375 0.053125
2 0.7625 0.634375 0.0125 0.06796875
2 0.6234375 0.56796875 0.01328125 0.0578125
2 0.41953125 0.609375 0.0125 0.065625
2 0.4296875 0.6671875 0.01640625 0.0671875
2 0.70625 0.55078125 0.0140625 0.059375
2 0.7640625 0.7984375 0.01875 0.08125
2 0.565625 0.7109375 0.0140625 0.06796875
3 0.5953125 0.3765625 0.0109375 0.040625
0 0.3671875 0.43046875 0.00390625 0.00859375