2 0.51875 0.4828125 0.0109375 0.03203125
2 0.440625 0.496875 0.009375 0.04765625
1 0.178125 0.4265625 0.0140625 0.04453125
2 0.228125 0.5234375 0.009375 0.05390625
2 0.31875 0.4625 0.009375 0.0484375
2 0.3140625 0.5328125 0.009375 0.053125
2 0.4125 0.4125 0.0125 0.04296875
2 0.521875 0.5125 0.021875 0.053125
2 0.2359375 0.55703125 0.0125 0.05078125
2 0.30625 0.57578125 0.01171875 0.059375
2 0.440625 0.4265625 0.0125 0.040625
2 0.275 0.5609375 0.01328125 0.03515625
2 0.64375 0.434375 0.0109375 0.04375
2 0.4203125 0.51953125 0.0109375 0.0484375
2 0.43125 0.52734375 0.015625 0.05078125
3 0.39765625 0.5046875 0.015625 0.05078125
3 0.06328125 0.703125 0.0234375 0.065625
2 0.54375 0.51484375 0.0125 0.05234375
2 0.2765625 0.646875 0.0125 0.06328125
2 0.6203125 0.5765625 0.015625 0.06796875
2 0.8390625 0.52421875 0.0125 0.05546875
2 0.6625 0.58125 0.0140625 0.0578125
2 0.490625 0.625 0.02109375 0.06015625
3 0.853125 0.3484375 0.00859375 0.034375
0 0.4484375 0.5296875 0.00703125 0.0125