3 0.21875 0.36328125 0.009375 0.03046875
2 0.440625 0.3890625 0.0078125 0.0328125
2 0.65625 0.415625 0.0109375 0.03984375
2 0.609375 0.4125 0.009375 0.03828125
2 0.13359375 0.3796875 0.01015625 0.03046875
2 0.6625 0.43828125 0.01015625 0.03828125
3 0.8796875 0.84375 0.02109375 0.07890625
2 0.609375 0.4453125 0.0125 0.0359375
2 0.1875 0.384375 0.0125 0.0296875
2 0.7984375 0.6546875 0.0140625 0.0578125
2 0.3734375 0.48828125 0.01171875 0.04375
2 0.715625 0.49453125 0.0140625 0.04609375
2 0.4484375 0.428125 0.01015625 0.040625
3 0.48984375 0.48125 0.0109375 0.04453125
2 0.6359375 0.515625 0.01015625 0.04921875
2 0.1296875 0.43984375 0.015625 0.0390625
2 0.6234375 0.55546875 0.0140625 0.053125
2 0.80625 0.703125 0.01328125 0.065625
2 0.74296875 0.55 0.0125 0.0546875
2 0.6515625 0.60078125 0.015625 0.05703125
2 0.33125 0.55234375 0.0125 0.05078125
2 0.1546875 0.5140625 0.0125 0.0484375
2 0.48984375 0.4546875 0.0109375 0.04296875
2 0.4359375 0.3796875 0.00625 0.03125