0 0.4078125 0.471875 0.00625 0.01015625
2 0.6109375 0.1953125 0.0078125 0.03515625
2 0.6125 0.3328125 0.0140625 0.05
3 0.5078125 0.328125 0.0203125 0.05078125
2 0.2578125 0.2578125 0.01171875 0.04453125
2 0.5140625 0.2703125 0.0140625 0.0453125
2 0.7390625 0.2859375 0.0109375 0.0484375
2 0.66328125 0.321875 0.0140625 0.046875
2 0.6328125 0.39296875 0.015625 0.06015625
2 0.7140625 0.2578125 0.0140625 0.0453125
2 0.784375 0.3234375 0.0109375 0.053125
2 0.1265625 0.36875 0.0140625 0.05703125
2 0.390625 0.43828125 0.025 0.05859375
2 0.659375 0.475 0.0203125 0.05859375
2 0.090625 0.3875 0.0171875 0.05859375
2 0.7484375 0.4 0.01484375 0.053125
2 0.815625 0.415625 0.01875 0.06015625
2 0.659375 0.871875 0.0328125 0.090625
2 0.815625 0.534375 0.0171875 0.071875
2 0.56796875 0.5859375 0.02265625 0.0734375
2 0.69609375 0.53671875 0.01796875 0.071875
2 0.88359375 0.5375 0.01640625 0.06484375
3 0.2609375 0.19375 0.01328125 0.03984375