2 0.6078125 0.1765625 0.01640625 0.034375
3 0.93359375 0.98046875 0.0140625 0.0390625
2 0.540625 0.2328125 0.01484375 0.0375
3 0.484375 0.1671875 0.009375 0.03046875
2 0.6953125 0.2390625 0.0125 0.0390625
2 0.55 0.2375 0.01328125 0.04453125
2 0.640625 0.2140625 0.0109375 0.040625
1 0.03125 0.3328125 0.01328125 0.05859375
2 0.69296875 0.2703125 0.01640625 0.0484375
2 0.559375 0.2765625 0.0109375 0.05078125
2 0.665625 0.25234375 0.01640625 0.04296875
2 0.528125 0.2859375 0.01015625 0.053125
2 0.4296875 0.275 0.0109375 0.05078125
2 0.39375 0.33203125 0.01171875 0.0625
2 0.3609375 0.3421875 0.01171875 0.059375
2 0.559375 0.3625 0.0125 0.059375
2 0.7640625 0.309375 0.0125 0.05859375
3 0.5296875 0.359375 0.0125 0.0625
2 0.34375 0.396875 0.0140625 0.0671875
2 0.525 0.5140625 0.01640625 0.06953125
2 0.425 0.4296875 0.01328125 0.0640625
2 0.878125 0.4125 0.0171875 0.0671875
2 0.2953125 0.4515625 0.0125 0.0671875
2 0.4421875 0.69296875 0.021875 0.09296875
0 0.69140625 0.2578125 0.0046875 0.009375