2 0.2640625 0.3453125 0.0078125 0.0359375
2 0.41875 0.32265625 0.00703125 0.0359375
2 0.328125 0.353125 0.0078125 0.0359375
2 0.23125 0.375 0.00859375 0.04140625
2 0.3328125 0.390625 0.01015625 0.03828125
2 0.696875 0.3140625 0.0125 0.034375
2 0.2546875 0.36015625 0.0109375 0.040625
2 0.48046875 0.5890625 0.01015625 0.053125
2 0.275 0.45625 0.0140625 0.04375
2 0.55 0.4328125 0.0109375 0.0484375
2 0.540625 0.39375 0.0078125 0.03984375
2 0.303125 0.5171875 0.01015625 0.0546875
2 0.2140625 0.4734375 0.01015625 0.05234375
1 0.8046875 0.3953125 0.01484375 0.046875
3 0.3703125 0.38671875 0.0109375 0.04375
2 0.6953125 0.4390625 0.009375 0.0484375
3 0.11171875 0.9390625 0.028125 0.090625
2 0.2890625 0.6 0.0171875 0.0640625
2 0.25625 0.571875 0.01640625 0.0609375
2 0.88046875 0.53828125 0.0109375 0.06015625
2 0.37265625 0.5671875 0.0171875 0.05703125
2 0.5640625 0.828125 0.02890625 0.075
0 0.73125 0.3796875 0.00546875 0.01171875
3 0.6421875 0.25390625 0.00859375 0.0296875