2 0.5703125 0.428125 0.009375 0.02578125
1 0.2234375 0.43046875 0.009375 0.0375
2 0.4484375 0.3921875 0.01171875 0.0296875
2 0.5453125 0.4375 0.009375 0.0296875
2 0.246875 0.490625 0.01015625 0.0453125
2 0.4765625 0.4609375 0.0109375 0.0328125
2 0.3734375 0.42578125 0.0140625 0.0390625
2 0.3328125 0.47734375 0.01171875 0.03984375
2 0.6953125 0.4375 0.01328125 0.03203125
2 0.515625 0.46875 0.009375 0.04296875
2 0.8484375 0.5265625 0.01171875 0.0484375
2 0.221875 0.5109375 0.015625 0.04375
2 0.325 0.5578125 0.015625 0.04921875
2 0.8390625 0.54765625 0.01171875 0.0546875
2 0.684375 0.5984375 0.021875 0.05546875
2 0.5265625 0.6171875 0.0140625 0.05234375
2 0.84375 0.4640625 0.015625 0.03828125
2 0.05703125 0.603125 0.01328125 0.053125
3 0.91484375 0.8359375 0.02578125 0.09140625
3 0.4390625 0.3546875 0.00703125 0.03203125
2 0.3375 0.434375 0.01015625 0.0421875
2 0.34296875 0.425 0.01015625 0.04375
0 0.640625 0.4625 0.00546875 0.0109375
2 0.6984375 0.43125 0.00859375 0.034375