2 0.2890625 0.2609375 0.009375 0.0390625
2 0.196875 0.28984375 0.009375 0.04453125
2 0.321875 0.2796875 0.009375 0.03984375
2 0.209375 0.3171875 0.0109375 0.04765625
1 0.965625 0.3421875 0.0125 0.0484375
0 0.83125 0.5578125 0.0078125 0.0109375
2 0.44375 0.27734375 0.0109375 0.0421875
2 0.61875 0.30078125 0.009375 0.04453125
2 0.48203125 0.2671875 0.009375 0.04296875
2 0.15859375 0.375 0.01171875 0.05703125
2 0.1234375 0.609375 0.0296875 0.07578125
2 0.5875 0.28203125 0.009375 0.04765625
2 0.1453125 0.35625 0.01171875 0.05703125
2 0.2421875 0.4203125 0.01796875 0.06328125
3 0.28828125 0.375 0.01328125 0.059375
2 0.3125 0.5203125 0.0171875 0.075
2 0.428125 0.390625 0.0171875 0.05546875
2 0.4328125 0.4859375 0.01640625 0.0625
2 0.603125 0.4359375 0.01328125 0.0640625
2 0.2765625 0.7828125 0.028125 0.10234375
2 0.515625 0.43515625 0.01875 0.06328125
2 0.684375 0.4921875 0.0140625 0.06796875
2 0.896875 0.5234375 0.0203125 0.07734375