2 0.946875 0.64375 0.021875 0.06484375
2 0.225 0.3703125 0.01171875 0.040625
1 0.8453125 0.3609375 0.0125 0.04765625
2 0.57734375 0.371875 0.01328125 0.03984375
2 0.2734375 0.34921875 0.01328125 0.040625
2 0.709375 0.459375 0.0125 0.05703125
2 0.59375 0.39296875 0.01484375 0.0453125
3 0.5578125 0.4625 0.0140625 0.059375
2 0.734375 0.4578125 0.0140625 0.05703125
2 0.7078125 0.6078125 0.0140625 0.07578125
2 0.5765625 0.5765625 0.01640625 0.07734375
2 0.6390625 0.5296875 0.0109375 0.06953125
2 0.7640625 0.5546875 0.01875 0.06953125
2 0.9359375 0.5953125 0.034375 0.0609375
2 0.35859375 0.65703125 0.0203125 0.08828125
2 0.35 0.5453125 0.0171875 0.0671875
2 0.08671875 0.6375 0.01640625 0.08046875
2 0.4578125 0.65 0.02109375 0.08046875
2 0.471875 0.478125 0.01640625 0.05859375
2 0.21171875 0.6484375 0.0234375 0.0859375
2 0.6828125 0.6203125 0.01875 0.0828125
2 0.1421875 0.490625 0.01640625 0.0640625
3 0.4828125 0.2796875 0.00859375 0.0359375