2 0.20234375 0.60546875 0.0125 0.046875
2 0.315625 0.4640625 0.0140625 0.04296875
2 0.3375 0.4125 0.00859375 0.03984375
2 0.290625 0.47421875 0.009375 0.04453125
2 0.4453125 0.4453125 0.00859375 0.04296875
0 0.4171875 0.675 0.00625 0.0125
2 0.775 0.45546875 0.0125 0.0578125
2 0.4890625 0.4171875 0.01171875 0.04453125
2 0.1984375 0.64375 0.01796875 0.0578125
2 0.2125 0.50546875 0.0140625 0.046875
2 0.68984375 0.5875 0.01015625 0.05703125
2 0.57109375 0.496875 0.0140625 0.05390625
3 0.796875 0.921875 0.028125 0.0765625
3 0.415625 0.4953125 0.0109375 0.04921875
2 0.2203125 0.65234375 0.0171875 0.06015625
2 0.7796875 0.71796875 0.01875 0.065625
2 0.3734375 0.62265625 0.0171875 0.053125
2 0.6046875 0.340625 0.01015625 0.0375
2 0.3921875 0.646875 0.025 0.0609375
2 0.18984375 0.596875 0.0140625 0.046875
1 0.2515625 0.3484375 0.01328125 0.03671875
2 0.446875 0.3453125 0.009375 0.0359375
2 0.3390625 0.4015625 0.0109375 0.0359375
3 0.490625 0.246875 0.00859375 0.025