3 0.37578125 0.56953125 0.01015625 0.040625
2 0.284375 0.46171875 0.00859375 0.0359375
2 0.6484375 0.43046875 0.00703125 0.03359375
2 0.36796875 0.60625 0.01015625 0.05234375
2 0.38125 0.4078125 0.00625 0.03046875
1 0.140625 0.5 0.009375 0.03984375
2 0.278125 0.4765625 0.009375 0.040625
2 0.3109375 0.65 0.0203125 0.05234375
2 0.1640625 0.5125 0.0078125 0.040625
2 0.684375 0.4828125 0.009375 0.04375
2 0.4328125 0.50546875 0.009375 0.04296875
2 0.0796875 0.596875 0.009375 0.053125
2 0.6046875 0.4328125 0.009375 0.03515625
2 0.39375 0.4671875 0.009375 0.040625
2 0.4984375 0.51953125 0.009375 0.040625
2 0.3875 0.590625 0.0171875 0.05
2 0.1875 0.73984375 0.0140625 0.06484375
2 0.6734375 0.5984375 0.01171875 0.05234375
2 0.3109375 0.54921875 0.01015625 0.04453125
2 0.2375 0.625 0.01328125 0.05078125
3 0.721875 0.9453125 0.0234375 0.07890625
2 0.45390625 0.5921875 0.0125 0.053125
2 0.459375 0.7171875 0.02109375 0.0609375
0 0.15 0.5125 0.0046875 0.00859375
3 0.3203125 0.36484375 0.00625 0.02890625