2 0.5234375 0.3421875 0.009375 0.04296875
1 0.24375 0.3390625 0.0125 0.0375
2 0.51875 0.3359375 0.009375 0.03984375
3 0.8953125 0.2984375 0.0109375 0.03515625
2 0.875 0.3859375 0.009375 0.04375
2 0.6109375 0.4453125 0.0140625 0.0421875
2 0.8390625 0.5078125 0.0109375 0.05546875
3 0.578125 0.39765625 0.009375 0.04375
2 0.4703125 0.3875 0.0171875 0.0390625
2 0.715625 0.3546875 0.0078125 0.0359375
2 0.41015625 0.4109375 0.01640625 0.04296875
2 0.85 0.403125 0.01171875 0.04453125
2 0.75546875 0.35 0.0078125 0.03984375
2 0.715625 0.403125 0.009375 0.0390625
2 0.4578125 0.365625 0.0125 0.04140625
2 0.42734375 0.465625 0.0078125 0.04765625
2 0.340625 0.475 0.01015625 0.04453125
2 0.5265625 0.46796875 0.00859375 0.03984375
2 0.5109375 0.4171875 0.0125 0.04296875
2 0.8125 0.51875 0.0109375 0.04921875
2 0.24375 0.6140625 0.0140625 0.06171875
2 0.61875 0.51796875 0.0109375 0.0578125
3 0.11796875 0.6796875 0.0171875 0.075
0 0.609375 0.46640625 0.00546875 0.009375
2 0.5828125 0.3984375 0.0109375 0.0421875