2 0.58046875 0.246875 0.009375 0.0390625
2 0.7125 0.3359375 0.0171875 0.05078125
2 0.65625 0.290625 0.0109375 0.04375
2 0.3515625 0.2875 0.0109375 0.04296875
2 0.3171875 0.359375 0.0125 0.05
3 0.559375 0.353125 0.0140625 0.05390625
2 0.45390625 0.30703125 0.0109375 0.04921875
2 0.7359375 0.365625 0.015625 0.05703125
2 0.7 0.34921875 0.015625 0.05546875
2 0.5765625 0.35078125 0.0109375 0.05234375
2 0.4921875 0.3140625 0.0171875 0.04765625
2 0.60078125 0.36875 0.01484375 0.05546875
2 0.665625 0.4546875 0.0296875 0.05234375
2 0.753125 0.5234375 0.0140625 0.06953125
2 0.796875 0.4796875 0.0171875 0.0703125
2 0.33046875 0.4203125 0.0140625 0.0625
2 0.5234375 0.55078125 0.0234375 0.0671875
2 0.221875 0.3328125 0.01484375 0.0546875
2 0.83046875 0.5421875 0.0203125 0.07265625
2 0.44140625 0.60078125 0.0234375 0.08515625
2 0.13359375 0.515625 0.01875 0.075
3 0.278125 0.2375 0.0109375 0.0390625
0 0.4296875 0.60703125 0.009375 0.01796875