2 0.44765625 0.284375 0.0109375 0.03984375
3 0.4125 0.321875 0.01328125 0.046875
2 0.25625 0.296875 0.0125 0.0390625
2 0.3703125 0.2640625 0.01171875 0.0328125
2 0.565625 0.275 0.00859375 0.03984375
2 0.353125 0.328125 0.00859375 0.03984375
2 0.534375 0.25625 0.009375 0.03515625
2 0.315625 0.3015625 0.01015625 0.04140625
2 0.5609375 0.3015625 0.0140625 0.0375
2 0.5 0.271875 0.01171875 0.0375
2 0.4796875 0.2796875 0.01015625 0.040625
2 0.2171875 0.309375 0.015625 0.0484375
1 0.878125 0.3015625 0.0109375 0.04453125
3 0.0078125 0.82890625 0.015625 0.0984375
2 0.184375 0.31328125 0.01171875 0.04921875
2 0.7265625 0.2921875 0.0109375 0.04453125
2 0.1796875 0.359375 0.01171875 0.05078125
2 0.48125 0.353125 0.00859375 0.053125
2 0.73125 0.35 0.01328125 0.05078125
2 0.4078125 0.3765625 0.0140625 0.0578125
2 0.35 0.39765625 0.015625 0.04921875
2 0.6765625 0.45234375 0.0140625 0.065625
3 0.63515625 0.2359375 0.009375 0.03671875
0 0.565625 0.3171875 0.00625 0.01171875
2 0.353125 0.2703125 0.0109375 0.03984375