2 0.590625 0.3640625 0.009375 0.034375
2 0.63203125 0.3625 0.01328125 0.03828125
2 0.196875 0.428125 0.0125 0.05
2 0.6125 0.390625 0.009375 0.04296875
2 0.35859375 0.3671875 0.015625 0.040625
2 0.1421875 0.45625 0.0125 0.05078125
2 0.4140625 0.45234375 0.009375 0.04921875
2 0.21640625 0.653125 0.01875 0.06796875
2 0.215625 0.478125 0.01171875 0.05859375
2 0.29296875 0.5015625 0.015625 0.053125
3 0.5546875 0.4796875 0.0140625 0.053125
2 0.2609375 0.528125 0.015625 0.0609375
2 0.78125 0.425 0.01484375 0.04921875
2 0.7625 0.5015625 0.021875 0.05859375
2 0.8203125 0.5796875 0.0171875 0.06015625
2 0.43828125 0.5703125 0.015625 0.0640625
2 0.634375 0.44921875 0.0171875 0.05234375
2 0.31875 0.6671875 0.0203125 0.075
2 0.75234375 0.5640625 0.01875 0.06328125
2 0.8140625 0.5 0.02109375 0.059375
2 0.64453125 0.559375 0.01953125 0.06328125
3 0.6859375 0.33671875 0.01015625 0.03671875
0 0.603125 0.3796875 0.0046875 0.00859375