2 0.5359375 0.46015625 0.01015625 0.03203125
2 0.5671875 0.4875 0.0109375 0.0390625
2 0.36875 0.50703125 0.00859375 0.0375
2 0.25625 0.49296875 0.009375 0.03984375
1 0.84375 0.51328125 0.00859375 0.04375
2 0.85625 0.56875 0.0109375 0.0375
2 0.3546875 0.55625 0.009375 0.04453125
2 0.534375 0.5234375 0.009375 0.040625
2 0.690625 0.46875 0.00703125 0.0359375
2 0.23125 0.578125 0.01328125 0.04609375
2 0.615625 0.55703125 0.01328125 0.04375
3 0.4828125 0.4953125 0.00859375 0.03828125
2 0.3078125 0.54375 0.00625 0.0421875
2 0.715625 0.69296875 0.009375 0.05703125
2 0.6734375 0.61328125 0.00859375 0.05078125
2 0.271875 0.6625 0.01015625 0.05703125
2 0.4125 0.7078125 0.01328125 0.059375
2 0.1421875 0.6125 0.01171875 0.05546875
3 0.1375 0.78046875 0.0171875 0.0703125
0 0.84375 0.5890625 0.0078125 0.01328125
3 0.625 0.3921875 0.00703125 0.0234375
2 0.5203125 0.4234375 0.01015625 0.03125
2 0.4671875 0.4453125 0.009375 0.03515625
2 0.303125 0.44296875 0.0078125 0.03359375
2 0.3078125 0.4484375 0.0078125 0.03125