2 0.546875 0.3265625 0.0109375 0.0390625
2 0.57265625 0.32578125 0.0125 0.0390625
3 0.52421875 0.35625 0.0125 0.04296875
2 0.68125 0.35 0.01015625 0.0453125
2 0.8140625 0.4234375 0.01015625 0.0546875
2 0.428125 0.35625 0.009375 0.04453125
2 0.396875 0.3546875 0.01015625 0.046875
2 0.78125 0.3640625 0.009375 0.04765625
1 0.0328125 0.3625 0.01171875 0.05078125
2 0.6234375 0.3796875 0.0109375 0.04921875
2 0.484375 0.3984375 0.0109375 0.0484375
2 0.65625 0.41953125 0.0109375 0.053125
2 0.328125 0.421875 0.0125 0.059375
2 0.6296875 0.4359375 0.0109375 0.059375
2 0.7546875 0.6109375 0.01484375 0.0828125
2 0.3578125 0.4671875 0.015625 0.06484375
2 0.2828125 0.534375 0.015625 0.065625
2 0.196875 0.7 0.0234375 0.0984375
3 0.1015625 0.746875 0.03515625 0.1
3 0.74140625 0.28828125 0.00859375 0.0359375
2 0.67265625 0.315625 0.0109375 0.034375
2 0.6484375 0.31484375 0.015625 0.0375
0 0.59921875 0.33671875 0.0046875 0.01015625
2 0.47734375 0.2875 0.01328125 0.0375
2 0.4328125 0.3046875 0.01328125 0.03671875